proj:       1
zone:       37
north:      1155908.01908276
south:      1145699.30158386
east:       364915.80305222
west:       357152.28734946
cols:       254
rows:       334
e-w resol:  30.56502245
n-s resol:  30.56502245
format:     -1
compressed: 5
