proj:       1
zone:       37
north:      1156020.7409
south:      1145261.853
east:       364958.1745
west:       357194.6588
cols:       254
rows:       352
e-w resol:  30.56502244
n-s resol:  30.56502244
top:        1.000000000000000
bottom:     0.000000000000000
cols3:      254
rows3:      352
depths:     1
e-w resol3: 30.56502244
n-s resol3: 30.56502244
t-b resol:  1
