proj:       1
zone:       37
north:      1156020.74088397
south:      1145261.85298093
east:       364958.17446668
west:       357194.65876392
cols:       254
rows:       352
e-w resol:  30.56502245
n-s resol:  30.56502245
format:     -1
compressed: 5
