proj:       1
zone:       37
north:      1156020.7409
south:      1145261.853
east:       364958.1745
west:       357194.6588
cols:       254
rows:       352
e-w resol:  30.56502244
n-s resol:  30.56502244
format:     -1
compressed: 5
